Wed Feb  8 15:45:26 2017


camera params: 
fx: 
1412.13
fy: 
1415.08
cx: 
1007.95
cy: 
553.081

raw data: 
rob pose 
J1: 54.17
J2: -0.84
J3: 1.36
J4: -6.45
J5: 4.37
J6: -111.97

cam pose/quat: 
x pose:-0.385504
y pose:0.148635
z pose:1.18166
quaternion qx,qy,qz,qw:
0.503956
0.794962
0.164885
0.294749
